Sampling effort (n_photos = n_distinct(eventID) per site_night)
========================================

Overall:
    stat     value
1    min   1.00000
2    max 295.00000
3   mean 227.77083
4 median 258.00000
5     sd  73.97217

By elevation:
   elevation n_site_nights n_photos_min n_photos_max n_photos_mean
1        119             3          232          283        256.00
2        163             3          188          228        214.00
3        168             3          242          283        258.00
4        277             3          272          288        281.00
5        310             3          266          275        270.33
6        408             3          170          287        239.00
7        505             3          233          281        260.33
8        606             3          242          256        250.00
9        714             3          263          275        267.67
10       812             4            1          295        215.00
11       916             2          277          294        285.50
12      1004             3          148          274        215.67
13      1110             3           58          222        113.67
14      1204             3           60          107         86.33
15      1300             2          135          179        157.00
16      1508             2          206          277        241.50
17      1534             2          284          285        284.50
